1  4.79e-05  1.31e-05
2  5.31e-05  2.28e-05
3  5.25e-05  2.96e-05
4  7.42e-05  3.42e-05
5  5.76e-05  4.11e-05
6  5.76e-05  4.56e-05
7  6.33e-05  5.53e-05
8  5.48e-05  6.27e-05
9  6.27e-05  7.18e-05
10  6.56e-05  5.53e-05
11  4.27e-05  5.01e-05
12  3.82e-05  5.53e-05
13  4.22e-05  6.27e-05
14  7.42e-05  0.0001112
15  5.99e-05  6.79e-05
16  5.02e-05  9.18e-05
17  6.67e-05  7.76e-05
18  7.41e-05  0.0001323
19  7.3e-05  0.0001226
20  4.45e-05  8.95e-05
21  4.62e-05  9.98e-05
22  4.62e-05  0.0001038
23  7.87e-05  0.0001751
24  7.24e-05  0.0001819
25  7.98e-05  0.0001814
26  6.95e-05  0.0001905
27  7.98e-05  0.0002098
28  9.12e-05  0.0002201
29  9.7e-05  0.000211
30  0.0001704  0.0002463
31  5.7e-05  0.000138
32  4.28e-05  0.0001471
33  4.73e-05  0.0001459
34  4.61e-05  0.0001499
35  5.08e-05  0.0001551
36  4.62e-05  0.0001945
37  5.13e-05  0.0001637
38  5.08e-05  0.0001676
39  5.47e-05  0.0001945
40  4.62e-05  0.0001768
41  5.07e-05  0.0001807
42  5.02e-05  0.0001853
43  5.53e-05  0.0001893
44  5.08e-05  0.0001933
45  5.53e-05  0.000199
46  9.8e-05  0.0003347
47  9.63e-05  0.0003393
48  7.75e-05  0.0003256
49  7.87e-05  0.0003456
50  5.13e-05  0.0002212
51  5.59e-05  0.0002246
52  5.08e-05  0.0002994
53  8.38e-05  0.0002617
54  6.56e-05  0.000288
55  6.1e-05  0.0002423
56  5.14e-05  0.0002475
57  7.86e-05  0.0002508
58  5.53e-05  0.0003718
59  9.13e-05  0.0004368
60  9.01e-05  0.0004482
61  9.8e-05  0.0004407
62  9.69e-05  0.0004772
63  0.0001021  0.0004454
64  4.85e-05  0.000329
65  7.35e-05  0.000548
66  5.36e-05  0.0003239
67  5.7e-05  0.0003677
68  5.19e-05  0.0003
69  5.59e-05  0.0003119
70  5.59e-05  0.0003079
71  5.93e-05  0.0004082
72  8.38e-05  0.0005166
73  0.0001237  0.0003957
74  5.76e-05  0.0003821
75  6.04e-05  0.0003473
76  5.93e-05  0.0003677
77  6.04e-05  0.0003478
78  8.66e-05  0.00039
79  7.47e-05  0.0004316
80  8.04e-05  0.0006444
81  0.0002298  0.0007241
82  9.53e-05  0.0005987
83  0.0001756  0.0008689
84  9.12e-05  0.0006483
85  0.0001072  0.0006524
86  0.0001032  0.0004818
87  6.5e-05  0.0004185
88  5.7e-05  0.0003895
89  0.0001568  0.0005861
90  9.01e-05  0.0009044
91  6.67e-05  0.0004014
92  5.99e-05  0.0004414
93  6.44e-05  0.0004083
94  6.45e-05  0.0004418
95  6.84e-05  0.0004168
96  5.13e-05  0.000727
97  0.0001004  0.0004972
98  5.64e-05  0.0004362
99  6.04e-05  0.0004327
100  5.53e-05  0.0005707
101  0.0001038  0.0007761
102  0.0001038  0.0007948
103  0.0001152  0.0006546
104  5.7e-05  0.0004607
105  6.1e-05  0.0006442
106  6.21e-05  0.0006877
107  0.0001055  0.000601
108  6.1e-05  0.0004864
109  0.0001072  0.0008187
110  0.0001106  0.0010149
111  0.0001968  0.0007327
112  9.18e-05  0.000679
113  6.04e-05  0.00052
114  6.05e-05  0.0005166
115  6.68e-05  0.0005052
116  5.99e-05  0.0007008
117  8.15e-05  0.0007401
118  6.62e-05  0.0005969
119  0.0001146  0.0008741
120  9.97e-05  0.0009339
121  0.0001089  0.0009619
122  0.0001067  0.0009425
123  0.0001192  0.0010383
124  0.0001004  0.0008741
125  0.000114  0.0007116
126  7.13e-05  0.000581
127  7.35e-05  0.0009231
128  9.18e-05  0.0005912
129  5.65e-05  0.0005902
130  0.0001027  0.0008746
131  8.72e-05  0.0009602
132  5.76e-05  0.0006842
133  6.1e-05  0.0005832
134  7.53e-05  0.0005862
135  6.44e-05  0.0005993
136  6.44e-05  0.0008399
137  7.98e-05  0.0006278
138  6.1e-05  0.0006073
139  0.0001112  0.0009721
140  6.1e-05  0.0006141
141  8.21e-05  0.0006169
142  6.38e-05  0.0006404
143  6.84e-05  0.0006728
144  5.7e-05  0.0006968
145  9.86e-05  0.0014197
146  7.01e-05  0.0010343
147  6.5e-05  0.0006848
148  0.0001198  0.0011268
149  0.0001049  0.0007965
150  6.61e-05  0.0006922
151  6.9e-05  0.0006723
152  5.99e-05  0.0009585
153  6.67e-05  0.0006968
154  7.76e-05  0.000683
155  6.96e-05  0.0011387
156  0.0001107  0.0009978
157  8.21e-05  0.0007777
158  6.96e-05  0.0007105
159  7.3e-05  0.0007378
160  0.0001021  0.001044
161  6.33e-05  0.0012082
162  9.81e-05  0.0011911
163  0.0001078  0.0012093
164  0.0001004  0.0010047
165  6.55e-05  0.0008553
166  8.1e-05  0.0010578
167  0.0001168  0.0008148
168  6.16e-05  0.0007674
169  6.5e-05  0.0007578
170  6.44e-05  0.0010538
171  0.0001151  0.0011929
172  6.45e-05  0.0007976
173  6.9e-05  0.0010623
174  0.0001174  0.0014916
175  0.0001289  0.0011917
176  6.15e-05  0.0008033
177  6.61e-05  0.0008559
178  6.5e-05  0.0008034
179  6.9e-05  0.0008422
180  0.0001049  0.0021901
181  0.0001505  0.0031839
182  0.0001459  0.0018343
183  0.0001192  0.0009042
184  0.0002856  0.0010806
185  7.25e-05  0.00113
186  7.3e-05  0.0013519
187  0.0001009  0.0009117
188  7.47e-05  0.0008422
189  8.21e-05  0.0008604
190  7.36e-05  0.0008552
191  7.81e-05  0.0008525
192  5.53e-05  0.0008719
193  6.04e-05  0.0009852
194  6.04e-05  0.0008723
195  6.44e-05  0.0008774
196  6.04e-05  0.0008673
197  6.39e-05  0.000881
198  6.45e-05  0.0013217
199  8.95e-05  0.0030482
200  0.0001585  0.0014021
201  0.0001043  0.001243
202  6.68e-05  0.0009106
203  7.01e-05  0.0009054
204  6.45e-05  0.000975
205  7.01e-05  0.0009072
206  6.84e-05  0.0009191
207  7.41e-05  0.0009089
208  5.99e-05  0.0009219
209  6.39e-05  0.000938
210  6.55e-05  0.0012681
211  7.01e-05  0.001048
212  6.56e-05  0.0009441
213  6.9e-05  0.0009511
214  6.85e-05  0.0009402
215  7.3e-05  0.000958
216  6.44e-05  0.0009584
217  6.84e-05  0.0009647
218  6.9e-05  0.000975
219  7.52e-05  0.0009824
220  6.95e-05  0.0011865
221  7.53e-05  0.0009755
222  7.3e-05  0.0010001
223  7.81e-05  0.0012537
224  7.41e-05  0.0010977
225  6.56e-05  0.0010668
226  6.5e-05  0.0009949
227  8.44e-05  0.0009985
228  6.38e-05  0.0010116
229  6.96e-05  0.0010331
230  6.9e-05  0.0010149
231  7.36e-05  0.0010954
232  6.44e-05  0.0010309
233  6.84e-05  0.0010361
234  6.9e-05  0.0010303
235  7.3e-05  0.0011376
236  6.96e-05  0.0010878
237  7.24e-05  0.0011033
238  7.35e-05  0.0012436
239  7.93e-05  0.0010834
240  6.55e-05  0.0010582
241  6.9e-05  0.0010668
242  6.84e-05  0.0010731
243  7.25e-05  0.0010993
244  6.95e-05  0.001122
245  8.1e-05  0.0010223
246  6.73e-05  0.0010759
247  7.18e-05  0.001044
248  6.33e-05  0.0010486
249  6.73e-05  0.001158
250  6.79e-05  0.0010862
251  7.18e-05  0.0011967
252  7.47e-05  0.0011171
253  7.87e-05  0.0012292
254  7.81e-05  0.0011073
255  7.58e-05  0.0011175
256  5.71e-05  0.0010942
257  5.59e-05  0.0011011
258  5.59e-05  0.0011181
259  6.1e-05  0.0011262
260  5.58e-05  0.0011244
261  5.98e-05  0.0010947
262  6.44e-05  0.001202
263  6.44e-05  0.0011421
264  7.13e-05  0.0012134
265  6.5e-05  0.0011392
266  5.98e-05  0.0013468
267  6.33e-05  0.0011353
268  7.53e-05  0.0012138
269  7.01e-05  0.0012003
270  6.39e-05  0.0011192
271  6.73e-05  0.0011302
272  5.53e-05  0.0011536
273  5.93e-05  0.0011432
274  6.39e-05  0.0012219
275  6.39e-05  0.0011387
276  8.61e-05  0.0013046
277  6.44e-05  0.0011671
278  6.33e-05  0.0012305
279  0.0001141  0.0013947
280  6.5e-05  0.0012578
281  6.38e-05  0.0011762
282  6.39e-05  0.0011997
283  6.78e-05  0.0012196
284  6.39e-05  0.0012088
285  6.84e-05  0.0012737
286  8.38e-05  0.001203
287  7.18e-05  0.0013199
288  6.1e-05  0.0013639
289  9.98e-05  0.0013309
290  0.000101  0.0012127
291  0.0001117  0.0016536
292  6.67e-05  0.0013012
293  6.9e-05  0.0013
294  6.9e-05  0.0012976
295  7.3e-05  0.0012658
296  7.86e-05  0.0013291
297  6.45e-05  0.0012345
298  8.43e-05  0.0012767
299  6.85e-05  0.001438
300  0.0001106  0.0013274
