1  9.69e-05  0.0001911
2  7.7e-05  0.0001905
3  8.61e-05  0.0002241
4  6.04e-05  0.0001266
5  5.65e-05  0.0001397
6  5.93e-05  0.0001511
7  7.52e-05  0.0001654
8  7.01e-05  0.0001847
9  7.75e-05  0.0002076
10  9.58e-05  0.0002395
11  9.92e-05  0.0002736
12  0.0001191  0.0003159
13  0.0001369  0.0003729
14  0.0002565  0.000512
15  0.0001836  0.0004903
16  0.0001939  0.0005616
17  0.0002258  0.0007481
18  0.0002503  0.000756
19  0.0002908  0.0008672
20  0.000293  0.0008895
21  0.000337  0.0010332
22  0.0004299  0.0012162
23  0.0004619  0.0013867
24  0.0006107  0.0015805
25  0.0005764  0.0017493
26  0.0005781  0.0020185
27  0.0007093  0.0023097
28  0.0007737  0.0023691
29  0.0007915  0.0024353
30  0.0008684  0.0040945
31  0.0010291  0.0031919
32  0.0011438  0.0034263
33  0.0012213  0.0037894
34  0.0013069  0.004298
35  0.0015886  0.004899
36  0.0015777  0.0049931
37  0.0016934  0.0054065
38  0.0018354  0.0057754
39  0.0019905  0.0061898
40  0.002108  0.0068045
41  0.0022773  0.0071768
42  0.002474  0.0076222
43  0.0027346  0.0083263
44  0.0027745  0.0092119
45  0.0032398  0.0104588
46  0.0035226  0.0098944
47  0.0034165  0.0120769
48  0.0037405  0.0112862
49  0.0038595  0.012171
50  0.0043567  0.012922
51  0.0046435  0.0138463
52  0.0048933  0.0153663
53  0.0049093  0.0149046
54  0.0055165  0.0166931
55  0.0053426  0.017167
56  0.0056653  0.0179185
57  0.0059795  0.0188085
58  0.0063541  0.0204587
59  0.0065395  0.0216674
60  0.0073365  0.0237429
61  0.0073827  0.0229668
62  0.0076935  0.0241837
63  0.0079889  0.025182
64  0.0083138  0.0264479
65  0.0087779  0.0275649
66  0.0091235  0.0288186
67  0.009802  0.0303799
68  0.0101196  0.0314876
69  0.0104361  0.0353376
70  0.0111539  0.0366199
71  0.0120695  0.0382347
72  0.0117252  0.0383663
73  0.0122213  0.0405854
74  0.0136849  0.0403375
75  0.0132727  0.0449729
76  0.0137922  0.044372
77  0.0146844  0.0460205
78  0.0168278  0.047345
79  0.0153139  0.0488981
80  0.0159337  0.0507485
81  0.0170934  0.0527908
82  0.0173632  0.0546736
83  0.0177372  0.0569787
84  0.0185024  0.0586824
85  0.0191969  0.0618641
86  0.0196946  0.065426
87  0.0204022  0.0649357
88  0.023192  0.0690769
89  0.0219245  0.0700399
90  0.0229338  0.0722493
91  0.0238324  0.0754088
92  0.0240206  0.0772561
93  0.0249585  0.0795757
94  0.0258326  0.08087
95  0.026413  0.0837397
96  0.027282  0.0879693
97  0.0281453  0.0894448
98  0.0287616  0.093386
99  0.0304933  0.0974753
100  0.0311365  0.099415
101  0.0332251  0.100929
102  0.0324097  0.105329
103  0.0341966  0.108976
104  0.0358246  0.109758
105  0.0371375  0.113127
106  0.0374928  0.117521
107  0.0373936  0.119407
108  0.0399765  0.124537
109  0.0402297  0.127122
110  0.0419573  0.130671
111  0.0415469  0.132853
112  0.0431205  0.137345
113  0.0457326  0.139371
114  0.0456526  0.147369
115  0.0476775  0.148225
116  0.047816  0.154195
117  0.0508847  0.154952
118  0.0514166  0.160411
119  0.0514074  0.166061
120  0.0540829  0.172579
121  0.0540868  0.174694
122  0.0566395  0.178796
123  0.0567872  0.182004
124  0.0578237  0.187313
125  0.0603754  0.196138
126  0.0626394  0.195986
127  0.062741  0.199091
128  0.0635245  0.205872
129  0.0648843  0.210055
130  0.0674895  0.214487
131  0.0700103  0.223781
132  0.0742627  0.224113
133  0.0711615  0.225991
134  0.0747307  0.235153
135  0.075821  0.241202
136  0.0827001  0.243971
137  0.0779808  0.249566
138  0.0809743  0.257754
139  0.082544  0.258376
140  0.0839192  0.270063
141  0.0880382  0.281706
142  0.0905921  0.308592
143  0.0926817  0.289038
144  0.0920849  0.297395
145  0.0924954  0.319232
146  0.098436  0.313129
147  0.0980159  0.30993
148  0.0999658  0.318173
149  0.103202  0.319798
150  0.104349  0.455858
151  0.106156  0.374564
152  0.106986  0.339774
153  0.110707  0.359939
154  0.115164  0.356872
155  0.118877  0.362005
156  0.114864  0.51899
157  0.134986  0.377482
158  0.119623  0.383505
159  0.121931  0.5009
160  0.129544  0.404178
161  0.128309  0.403481
162  0.1308  0.534125
163  0.131948  0.419588
164  0.135708  0.42707
165  0.137793  0.434914
166  0.154169  0.543191
167  0.147607  0.453032
168  0.145566  0.468998
169  0.148266  0.477287
170  0.147074  0.502709
171  0.151962  0.488076
172  0.15505  0.492629
173  0.159095  0.766097
174  0.159694  0.512048
175  0.165872  0.528027
176  0.166411  0.52547
177  0.170678  0.536329
178  0.172425  0.554636
179  0.177085  0.561438
180  0.201502  0.572892
181  0.182456  0.575724
182  0.18452  0.595265
183  0.19074  0.655654
184  0.208622  0.611559
185  0.194042  0.625497
186  0.201206  0.675964
187  0.231614  0.71828
188  0.226239  0.812791
189  0.224681  0.727966
190  0.224439  0.750989
191  0.246234  0.741344
192  0.231572  0.782892
193  0.282569  0.876732
194  0.22134  0.739409
195  0.227681  0.75785
196  0.300831  1.18
197  0.360746  1.29111
198  0.501358  4.17637
199  0.566538  2.90304
200  0.621494  1.25692
201  0.504787  1.21446
202  0.296423  4.71265
203  0.526186  2.47708
204  0.519826  1.81697
205  0.389068  1.17084
206  0.288628  0.961762
207  0.28064  1.37125
208  0.326412  1.19091
209  0.479792  1.1704
210  0.430796  1.25337
211  0.292949  0.955578
212  0.324253  0.934151
213  0.293863  0.94765
214  0.308645  0.95675
215  0.303984  1.01512
216  0.319307  0.972582
217  0.31109  0.982026
218  0.322281  0.999042
219  0.31892  1.07808
220  0.377907  1.03041
221  0.325717  1.05906
222  0.337966  1.13029
223  0.401447  1.16946
224  0.352189  1.15641
225  0.343784  1.10021
226  0.353322  1.2604
227  0.365668  1.17125
228  0.37958  1.18328
229  0.36375  1.24732
230  0.369963  1.20653
231  0.372845  1.20304
232  0.382098  1.28959
233  0.382335  1.35686
234  0.432041  1.42552
235  0.436852  1.80492
236  0.418629  1.32411
237  0.423579  1.46591
238  0.460821  1.56336
239  0.433613  1.40318
240  0.415485  1.40639
241  0.424632  1.36194
242  0.429685  1.35947
243  0.428287  1.47888
244  0.464837  1.52419
245  0.456039  1.56788
246  0.453539  1.47873
247  0.472331  1.51419
248  0.477086  2.0343
249  0.524667  1.55779
250  0.47762  1.59156
251  0.476581  1.60896
252  0.483063  1.60521
253  0.549193  1.6438
254  0.514462  1.57592
255  0.517671  1.75729
256  0.509412  1.65639
257  0.548441  1.8966
258  0.539663  1.76836
259  0.771243  2.54599
260  0.85334  2.90799
261  0.836158  2.81197
262  0.965156  2.90135
263  0.814537  2.02952
264  0.556709  1.78493
265  0.566706  2.02305
266  0.577654  1.8483
267  0.579343  1.8291
268  0.656451  1.90616
269  0.593044  1.89376
270  0.593788  1.90729
271  0.596548  1.92899
272  0.605267  2.33993
273  0.673682  2.02299
274  0.626461  2.06202
275  0.626449  2.04708
276  0.65491  2.08303
277  0.654132  2.12778
278  0.67343  2.17067
279  0.689693  2.13149
280  0.665259  2.23793
281  0.731436  2.30875
282  0.677303  2.78099
283  1.06856  3.49093
284  1.02181  3.50389
285  1.03457  2.56818
286  0.751656  2.43172
287  0.717324  2.47272
288  0.834828  2.39807
289  0.735278  2.35255
290  0.741782  2.39032
291  0.793099  2.39693
292  0.762574  2.44561
293  0.819279  2.44167
294  0.766679  2.46184
295  0.770884  2.73806
296  0.781642  2.55261
297  0.822474  2.60293
298  0.879144  2.78366
299  0.842793  2.70063
300  1.00515  2.81203
